tol= 10^(-10)
